ID		XNode		YNode		WidthNode		HeightNode		ChildNodeCount		ObjectsCount		ChildsIndex
0	0	0	4768	4768	4	0	
01	0	0	2384	2384	0	0	
02	2384	0	2384	2384	0	0	
03	0	2384	2384	2384	4	0	
031	0	2384	1192	1192	0	0	
032	1192	2384	1192	1192	0	0	
033	0	3576	1192	1192	4	0	
0331	0	3576	596	596	0	0	
0332	596	3576	596	596	0	0	
0333	0	4172	596	596	4	0	
03331	0	4172	298	298	0	0	
03332	298	4172	298	298	0	0	
03333	0	4470	298	298	0	58	1	2	3	6	7	10	11	12	16	17	21	22	26	27	31	32	35	40	42	92	93	94	95	96	97	98	99	100	101	102	103	104	105	106	107	108	109	110	154	155	156	157	158	159	160	161	162	163	164	165	166	167	168	169	170	171	172	353	
03334	298	4470	298	298	0	49	4	8	12	13	18	19	23	28	29	33	43	48	53	54	64	69	74	79	82	85	110	111	112	113	114	115	116	117	118	119	120	172	173	174	175	176	177	178	179	180	181	182	183	184	185	186	187	188	354	
0334	596	4172	596	596	4	0	
03341	596	4172	298	298	0	0	
03342	894	4172	298	298	0	0	
03343	596	4470	298	298	0	49	5	9	14	15	20	24	25	30	34	36	37	38	41	44	49	55	56	65	85	120	121	122	123	124	125	126	127	128	129	130	131	132	133	188	189	190	191	192	193	194	195	196	197	198	199	200	201	355	356	
03344	894	4470	298	298	0	35	0	39	45	50	57	58	65	66	70	71	75	76	80	81	83	84	86	134	135	136	137	138	139	202	203	204	205	206	207	208	209	210	211	212	357	
034	1192	3576	1192	1192	4	0	
0341	1192	3576	596	596	0	0	
0342	1788	3576	596	596	0	0	
0343	1192	4172	596	596	4	0	
03431	1192	4172	298	298	0	0	
03432	1490	4172	298	298	0	0	
03433	1192	4470	298	298	0	33	139	140	141	142	143	144	145	146	147	148	149	150	151	152	153	212	213	214	215	216	217	218	219	220	221	222	223	224	225	226	227	228	358	
03434	1490	4470	298	298	0	20	228	229	230	231	232	233	234	235	236	237	238	239	240	241	242	243	244	245	246	359	
0344	1788	4172	596	596	4	0	
03441	1788	4172	298	298	0	0	
03442	2086	4172	298	298	0	0	
03443	1788	4470	298	298	0	20	46	51	59	60	67	72	246	247	248	249	250	251	252	253	254	255	256	257	258	259	
03444	2086	4470	298	298	0	6	72	77	87	88	90	91	
04	2384	2384	2384	2384	4	0	
041	2384	2384	1192	1192	0	0	
042	3576	2384	1192	1192	0	0	
043	2384	3576	1192	1192	4	0	
0431	2384	3576	596	596	0	0	
0432	2980	3576	596	596	0	0	
0433	2384	4172	596	596	4	0	
04331	2384	4172	298	298	0	0	
04332	2682	4172	298	298	0	0	
04333	2384	4470	298	298	0	3	275	276	277	
04334	2682	4470	298	298	0	17	260	261	262	263	264	265	266	267	268	269	270	277	278	290	291	292	300	
0434	2980	4172	596	596	4	0	
04341	2980	4172	298	298	0	0	
04342	3278	4172	298	298	0	0	
04343	2980	4470	298	298	0	18	47	52	61	62	63	68	73	78	89	270	271	272	273	274	279	301	302	313	
04344	3278	4470	298	298	0	20	280	281	282	283	284	285	303	304	305	306	307	313	314	315	316	317	318	319	330	331	
044	3576	3576	1192	1192	4	0	
0441	3576	3576	596	596	0	0	
0442	4172	3576	596	596	0	0	
0443	3576	4172	596	596	4	0	
04431	3576	4172	298	298	0	0	
04432	3874	4172	298	298	0	0	
04433	3576	4470	298	298	0	20	285	286	287	288	289	293	308	309	310	311	312	320	321	322	323	324	332	339	342	345	
04434	3874	4470	298	298	0	19	294	295	296	324	325	326	327	333	334	335	336	340	341	343	344	346	347	348	349	
0444	4172	4172	596	596	4	0	
04441	4172	4172	298	298	0	0	
04442	4470	4172	298	298	0	0	
04443	4172	4470	298	298	0	11	297	298	299	328	329	336	337	338	350	351	352	
04444	4470	4470	298	298	0	0	

